[gd_scene load_steps=7 format=3 uid="uid://bnk1u6ufqmoip"]

[ext_resource type="PackedScene" uid="uid://bkf05cgpy7k1b" path="res://block.tscn" id="1_pg4gh"]
[ext_resource type="PackedScene" uid="uid://blww8btu1lqem" path="res://character_obj.tscn" id="2_cg5cj"]
[ext_resource type="Texture2D" uid="uid://bnhonctbv4clg" path="res://icon.svg" id="3_gwt8o"]
[ext_resource type="Script" path="res://icon.gd" id="4_6kh61"]

[sub_resource type="BoxMesh" id="BoxMesh_mga3v"]
size = Vector3(10, 0.5, 10)

[sub_resource type="BoxShape3D" id="BoxShape3D_e4f0k"]
size = Vector3(10, 0.5, 10)

[node name="Level1" type="Node3D"]

[node name="Camera3D" type="Camera3D" parent="."]
transform = Transform3D(0.978177, 0.0635711, -0.197811, 0, 0.952044, 0.305961, 0.207775, -0.299284, 0.931267, -3.42704, 2.41473, 6.83913)

[node name="Floor" type="StaticBody3D" parent="."]
transform = Transform3D(1, 0, 0, 0, 1, 0, 0, 0, 1, 0, -0.25, 0)
metadata/_edit_group_ = true

[node name="MeshInstance3D" type="MeshInstance3D" parent="Floor"]
mesh = SubResource("BoxMesh_mga3v")

[node name="CollisionShape3D" type="CollisionShape3D" parent="Floor"]
shape = SubResource("BoxShape3D_e4f0k")

[node name="DirectionalLight3D" type="DirectionalLight3D" parent="."]
transform = Transform3D(-0.70461, -0.334204, -0.625966, -0.119449, -0.813694, 0.568889, -0.699469, 0.475616, 0.533416, -3, 6, 3)
shadow_enabled = true

[node name="CharacterObj" parent="." instance=ExtResource("2_cg5cj")]
transform = Transform3D(1, 0, 0, 0, 1, 0, 0, 0, 1, -0.416688, 0.524061, -0.769888)

[node name="Blocks" type="Node3D" parent="."]

[node name="Block1" parent="Blocks" instance=ExtResource("1_pg4gh")]
transform = Transform3D(0.866025, -0.25, 0.433013, 0, 0.866025, 0.5, -0.5, -0.433013, 0.75, -1.26374, 4.1349, 0.191482)

[node name="Block2" parent="Blocks" instance=ExtResource("1_pg4gh")]
transform = Transform3D(0.866025, -0.25, 0.433013, 0, 0.866025, 0.5, -0.5, -0.433013, 0.75, -0.263739, 2.1349, 0.191482)

[node name="Icon" type="Sprite3D" parent="."]
transform = Transform3D(1, 0, 0, 0, 1, 0, 0, 0, 1, -3.31669, 0.64, -0.769888)
texture = ExtResource("3_gwt8o")
script = ExtResource("4_6kh61")
